0: 72 39 91 4 54
1: 47 4 79 101 71
4: 0 1 75
6: 16
7: 75 50
12: 50 47
14: 100 78
16: 6 72 48
19: 91 70
20: 37 54 68
21: 97 91 69 89
23: 58 75 50
25: 91 73
31: 45 71
33: 54 46
36: 100 95 41
37: 20 50
39: 0 45
41: 36 64 95 72 81
42: 46 97 48 44
44: 42 91
45: 31 39 46
46: 33 42 45 81
47: 1 12
48: 16 42
50: 7 12 23 37 58 88 91 66
54: 0 20 33 74 92
58: 23 50 78 64
59: 96
64: 41 58
66: 50
68: 20 72 80 73
69: 21 89
70: 19 92
71: 1 31
72: 0 16 41 68 100 96
73: 25 68
74: 54
75: 4 7 23 89
78: 14 58 96
79: 1
80: 68
81: 41 46
88: 50
89: 21 69 75
91: 0 19 21 25 44 50
92: 54 70
95: 36 41
96: 59 72 78
97: 21 42
100: 14 36 72
101: 1
