#1
65: 78 (12,9)
78: 65 86 96 (11,12)
86: 78 (9,13)
96: 78 (12,16)
#2
7: 50 (15,1)
12: 50 (5,3)
50: 7 12 88 66 (8,8)
66: 50 (13,9)
88: 50 (13,13)
#3
3: 63 (9,1)
35: 63 (1,6)
63: 3 35 102 (9,9)
102: 63 (11,17)
#4
2: 76 (6,1)
59: 96 76 (4,9)
65: 78 (12,9)
76: 2 59 78 (2,12)
78: 65 76 86 96 (11,12)
86: 78 (9,13)
96: 59 78 (12,16)
#5
9: 14 (12,2)
14: 9 100 84 32 103 (8,3)
32: 14 84 (13,5)
73: 84 (11,11)
84: 14 32 73 (5,13)
100: 14 (7,17)
103: 14 (12,17)
#6
33: 55 46 (15,5)
45: 46 (9,7)
46: 33 45 55 81 52 (13,7)
52: 46 (11,8)
55: 33 46 (15,8)
81: 46 (16,12)
#7
13: 18 (7,3)
18: 13 20 (4,4)
20: 18 67 68 (9,4)
67: 20 (0,11)
68: 20 (2,11)
#8
31: 71 94 (9,5)
34: 71 (16,5)
56: 71 (16,8)
71: 31 34 56 93 (6,11)
93: 71 94 (12,15)
94: 31 93 (0,16)
#9
19: 91 (8,4)
21: 91 (10,4)
25: 91 (14,4)
44: 91 (7,7)
91: 19 21 25 44 (5,15)
#10
42: 97 48 (2,7)
48: 42 (5,8)
97: 42 (14,16)
#11
10: 58 (15,2)
58: 10 64 (1,9)
64: 58 (11,9)
#12
26: 37 62 (15,4)
37: 26 61 99 (5,6)
61: 37 (7,9)
62: 26 (8,9)
99: 37 (3,17)
#13
6: 98 (14,1)
83: 98 (3,13)
98: 6 83 (2,17)
#14
16: 72 (12,3)
72: 16 (10,11)
#15
5: 49 (13,1)
38: 43 49 (10,6)
43: 38 (3,7)
49: 5 38 80 (6,8)
80: 49 (14,12)
#16
11: 47 24 (4,3)
24: 11 47 (13,4)
47: 11 24 (1,8)
#17
22: 89 (11,4)
69: 89 (3,11)
89: 22 69 (14,13)
#18
30: 85 95 (7,5)
36: 95 (3,6)
85: 30 95 (6,13)
95: 30 36 85 (2,16)
#19
2: 76 (6,1)
59: 76 (4,9)
76: 2 59 (2,12)
#20
1: 4 79 101 (5,1)
4: 1 (10,1)
79: 1 (13,12)
101: 1 (10,17)
#21
54: 74 92 (13,8)
74: 54 (12,11)
92: 54 (9,15)
#22
17: 104 (14,3)
104: 17 (14,17)
#23
0: 39 (3,1)
39: 0 (11,6)
#24
40: 90 (12,6)
90: 40 (3,15)
#25
2: 76 (6,1)
59: 76 (4,9)
76: 2 59 (2,12)
#26
8: 28 (10,2)
28: 8 (2,5)
#27
53: 60 (12,8)
60: 53 (5,9)
#28
27: 77 (1,5)
77: 27 (6,12)
#29
2: 76 (6,1)
59: 76 (4,9)
76: 2 59 (2,12)
#30
29: 51 (3,5)
51: 29 (10,8)
